60
62
63
65
66
673
81
82
84
850
852
853
855
856
86
886
880
90
91
92
93
94
95
960
961
962
963
964
965
966
968
972
973
974
975
976
977
98
7
30
31
32
33
34
350
351
352
353
354
355
356
357
358
359
336
49
338
39
223
396
40
41
4175
43
44
45
46
47
48
20
210
213
216
218
220
221
222
223
224
225
226
227
228
229
230
231
232
233
234
235
236
237
238
239
239
240
241
242
243
244
245
247
248
249
250
251
252
253
254
255
256
257
258
260
261
262
263
264
265
266
267
268
269
27
290
297
298
1
1
1808
1808
1808
1809
1809
1809
1809
1809
1809
1809
1907
299
500
501
502
503
504
505
506
507
509
51
52
53
54
55
56
57
58
591
592
593
594
595
596
597
598
61
64
671
6722
6723
6724
674
676
677
678
679
682
683
684
685
686
688
